0.669589 3.38636e-06
1.69318
1.13105
1.16491
0.602773
0.636636
0.6705
0.704364
0.738227
0.772091
0.805955
0.839818
0.873682
0.311545
0.345409
0.379273
0.182864
0.149
0.115136
0.0812727
0.0474091
0.0135455
0.0203182
0.0541818
0.0880455
0.474091
0.440227
0.406364
0.3725
0.338636
0.304773
0.270909
0.237045
0.203182
0.169318
0.135455
0.101591
0.0677273
0.0338636
3.8271e-12
0.0338636
0.0677273
0.101591
0.135455
0.169318
0.203182
0.237045
0.325091
0.291227
0.257364
0.2235
0.189636
0.155773
0.121909
0.0880455
0.0541818
0.0203182
0.0135455
0.0474091
0.0812727
0.115136
0.447
0.413136
0.379273
0.345409
0.311545
0.277682
0.243818
0.209955
0.176091
0.142227
0.108364
0.0745
0.0406364
0.00677273
0.0270909
0.0609545
0.0948182
0.128682
0.162545
0.196409
0.230273
0.264136
0.298
0.264136
0.230273
0.196409
0.162545
0.128682
0.0948182
0.0609545
0.0270909
0.00677273
0.0406364
0.0745
0.108364
0.142227
0.419909
0.386045
0.352182
0.318318
0.284455
0.250591
0.216727
0.182864
0.149
0.115136
0.0812727
0.0474091
0.0135455
0.0203182
0.0541818
0.0880455
0.121909
0.155773
0.189636
0.2235
0.257364
0.291227
0.325091
0.358955
0.392818
0.169318
0.135455
0.101591
0.0677273
0.0338636
1.24626e-12
0.0338636
0.0677273
0.101591
0.135455
0.169318
0.203182
0.237045
0.270909
0.304773
0.338636
0.3725
0.406364
0.440227
0.474091
0.507955
0.0541818
0.0203182
0.0135455
0.0474091
0.0812727
0.115136
0.149
0.182864
0.216727
0.250591
0.284455
0.318318
0.352182
0.386045
0.419909
0.453773
0.487636
0.0745
0.0406364
0.00677273
0.0270909
0.0609545
0.0948182
0.128682
0.162545
0.196409
0.230273
0.264136
0.298
0.331864
0.365727
0.399591
0.433455
0.129682
0.0958182
0.0619545
0.0280909
0.00577273
0.556364
0.5225
0.488636
0.454773
0.420909
0.387045
0.353182
0.319318
0.285455
0.251591
0.217727
0.779864
0.746
0.712136
0.678273
0.644409
1.20655
1.76868
1.73482
1.70095
