0.729249 2.44932e-06
2.23804
2.26253
1.69103
1.11952
0.548014
0.572507
0.597
0.621493
0.645986
0.670479
0.694973
0.719466
0.146959
0.424548
0.400055
0.375562
0.351068
0.326575
0.302082
0.277589
0.253096
0.228603
0.20411
0.179616
0.155123
0.13063
0.106137
0.0816438
0.0571507
0.0326575
0.00816438
0.0163288
0.0408219
0.0653151
0.0898082
0.481699
0.457205
0.432712
0.408219
0.383726
0.359233
0.33474
0.310247
0.285753
0.26126
0.236767
0.212274
0.187781
0.163288
0.138795
0.114301
0.0898082
0.0653151
0.0408219
0.0163288
0.00816438
0.0326575
0.0571507
0.0816438
0.106137
0.13063
0.155123
0.179616
0.39189
0.367397
0.342904
0.318411
0.293918
0.269425
0.244932
0.220438
0.195945
0.171452
0.146959
0.122466
0.0979726
0.0734795
0.0489863
0.0244932
0
0.0244932
0.0489863
0.0734795
0.0979726
0.122466
0.146959
0.171452
0.195945
0.220438
0.244932
0.269425
0.293918
0.318411
0.342904
0.367397
0.39189
0.416384
0.440877
0.46537
0.106137
0.0816438
0.0571507
0.0326575
0.00816438
0.0163288
0.0408219
0.0653151
0.0898082
0.114301
0.138795
0.163288
0.187781
0.212274
0.236767
0.26126
0.285753
0.310247
0.33474
0.359233
0.383726
0.408219
0.432712
0.457205
0.481699
0.506192
0.530685
0.555178
0.579671
0.604164
0.0326575
0.0571507
0.0816438
0.106137
0.13063
0.155123
0.179616
0.20411
0.228603
0.253096
0.277589
0.293918
0.269425
0.244932
0.220438
0.195945
0.171452
0.146959
0.122466
0.0979726
0.0734795
0.0489863
0.0244932
-1.5014e-12
0.0244932
0.0489863
0.0734795
0.0979726
0.122466
0.146959
0.171452
0.195945
0.220438
0.244932
0.269425
0.293918
0.318411
0.342904
0.228603
0.20411
0.179616
0.155123
0.13063
0.106137
0.0816438
0.0571507
0.0326575
0.00816438
0.0163288
0.0408219
0.0653151
0.0898082
0.114301
0.457205
0.432712
0.408219
0.383726
0.359233
0.33474
0.310247
0.285753
0.26126
0.832767
0.808274
0.783781
0.759288
0.734795
1.3063
1.28181
1.25732
1.23282
